SA1_MAINCODE_2016,Distance (km),February (min),May (min),Change February to May (min)
80101100101,7.108,18,28,10
80101100102,6.256,16,23,7
80101100103,7.186,15,16,1
80101100104,6.339,17,19,2
80101100105,7.563,17,19,2
80101100106,6.645,21,23,2
80101100201,9.096,36,30,-6
80101100202,14.89,35,34,-1
80101100203,10.344,38,32,-6
80101100204,10.143,36,30,-6
80101100205,12.858,62,58,-4
80101100206,8.835,32,26,-6
80101100208,8.93,33,27,-6
80101100209,8.835,33,27,-6
80101100210,11.799,50,43,-7
80101100211,10.467,40,34,-6
80101100212,10.984,39,36,-3
80101100213,9.189,31,25,-6
80101100214,9.613,33,27,-6
80101100215,9.004,29,23,-6
80101100216,9.234,32,26,-6
80101100217,9.82,36,30,-6
80101100301,7.184,32,28,-4
80101100304,12.625,43,34,-9
80101100306,7.926,33,28,-5
80101100307,8.228,36,32,-4
80101100308,8.606,38,25,-13
80101100309,8.285,37,32,-5
80101100310,13.118,44,34,-10
80101100311,12.963,42,33,-9
80101100312,8.219,37,32,-5
80101100313,12.382,40,28,-12
80101100314,7.26,33,29,-4
80101100315,9.214,39,33,-6
80101100316,6.516,32,28,-4
80101100317,7.241,33,29,-4
80101100318,6.246,26,22,-4
80101100319,9.073,35,30,-5
80101100320,6.897,29,25,-4
80101100401,19.894,55,64,9
80101100402,21.944,62,65,3
80101100403,19.22,54,59,5
80101100404,18.881,52,64,12
80101100405,21.722,60,59,-1
80101100406,20.847,57,62,5
80101100408,20.061,54,65,11
80101100409,18.764,55,69,14
80101100501,9.344,24,26,2
80101100502,8.262,20,21,1
80101100503,8.317,21,23,2
80101100504,7.817,18,19,1
80101100505,8.142,22,23,1
80101100506,7.943,20,21,1
80101100507,8.262,21,22,1
80101100508,8.784,21,23,2
80101100509,8.983,20,23,3
80101100602,19.638,62,53,-9
80101100604,21.612,62,56,-6
80101100605,22.775,66,58,-8
80101100606,23.381,74,61,-13
80101100607,23.061,70,58,-12
80101100608,23.305,73,57,-16
80101100609,22.992,69,57,-12
80101100610,22.001,66,56,-10
80101100611,20.798,57,50,-7
80101100612,20.571,58,51,-7
80101100613,21.973,66,51,-15
80101100614,20.705,60,54,-6
80101100615,20.04,55,48,-7
80101100616,21.601,60,53,-7
80101100617,20.221,54,48,-6
80101100618,22.605,64,58,-6
80101100619,22.116,64,56,-8
80101100620,22.031,63,55,-8
80101100621,21.682,72,65,-7
80101100622,22.104,63,56,-7
80101100623,22.713,66,58,-8
80101100701,14.238,54,43,-11
80101100702,14.94,54,41,-13
80101100703,13.691,49,48,-1
80101100704,15.793,51,44,-7
80101100705,13.988,47,52,5
80101100706,16.756,53,38,-15
80101100707,18.562,62,44,-18
80101100708,14.828,49,53,4
80101100709,14.221,51,52,1
80101100710,18.837,63,46,-17
80101100711,21.56,64,51,-13
80101100712,14.155,45,58,13
80101100713,15.396,55,55,0
80101100714,15.394,50,47,-3
80101100801,13.065,47,35,-12
80101100802,13.198,49,41,-8
80101100803,13.841,51,45,-6
80101100804,12.925,45,33,-12
80101100805,10.959,46,41,-5
80101100806,12.869,46,40,-6
80101100807,12.891,46,40,-6
80101100808,12.653,47,35,-12
80101100809,12.796,48,37,-11
80101100810,13.143,42,36,-6
80101100811,12.812,44,39,-5
80101100812,12.652,43,37,-6
80101100901,17.546,51,64,13
80101100902,16.433,48,50,2
80101100903,16.787,48,54,6
80101100904,19.49,59,56,-3
80101100905,19.451,58,57,-1
80101100906,16.385,55,54,-1
80101100907,17.033,49,55,6
80101100908,19.674,55,59,4
80101100909,18.816,52,57,5
80101100910,17.126,46,49,3
80101101001,24.274,62,61,-1
80101101002,22.182,62,58,-4
80101101003,21.962,58,57,-1
80101101004,21.038,57,57,0
80101101005,21.15,59,57,-2
80101101101,12.659,41,42,1
80101101102,13.434,40,39,-1
80101101103,12.143,38,41,3
80101101104,12.55,35,36,1
80101101105,11.472,35,38,3
80101101106,11.027,33,32,-1
80101101107,10.993,36,37,1
80101101108,12.856,37,36,-1
80101101109,11.246,33,38,5
80101101110,12.058,36,37,1
80101101202,16.39,67,68,1
80101101203,24.951,99,NA,NA
80101101301,12.709,42,46,4
80101101302,12.55,46,42,-4
80101101303,16.002,55,47,-8
80101101304,11.278,38,40,2
80101101305,13.751,52,48,-4
80101101306,15.781,55,48,-7
80101101307,11.491,40,45,5
80101101308,21.379,66,44,-22
80101101309,13.221,48,48,0
80101101310,13.259,48,47,-1
80101101401,14.433,50,44,-6
80101101402,14.229,48,42,-6
80101101403,17.113,57,49,-8
80101101404,16.217,50,52,2
80101101405,14.563,50,52,2
80101101406,14.663,54,48,-6
80101101407,13.722,41,35,-6
80101101501,19.189,57,58,1
80101101502,16.886,56,49,-7
80101101503,18.387,53,52,-1
80101101504,16.267,48,42,-6
80101101505,16.482,56,49,-7
80101101506,14.118,44,38,-6
80101101508,14.621,44,38,-6
80101101509,16.406,55,44,-11
80101101510,18.149,52,52,0
80101101511,17.643,51,52,1
80101101512,16.556,52,46,-6
80101101513,16.134,47,40,-7
80101101514,16.382,48,40,-8
80101101515,16.177,48,41,-7
80101101601,8.642,30,43,13
80101101602,8.239,38,36,-2
80101101603,13.737,51,37,-14
80101101604,7.418,30,35,5
80101101605,6.961,24,31,7
80101101606,7.955,26,44,18
80101101607,7.512,29,34,5
80101101608,7.391,30,36,6
80101101609,9.295,35,31,-4
80101101610,15.383,40,30,-10
80101101611,15.864,45,35,-10
80101101612,9.439,32,44,12
80101101613,10.208,34,39,5
80101101614,8.287,30,48,18
80101101615,9.373,31,43,12
80101101616,9.846,34,46,12
80101101617,9.77,36,48,12
80101101618,9.299,32,45,13
80101101619,7.87,33,38,5
80101101701,14.911,45,39,-6
80101101702,15.523,46,49,3
80101101703,14.854,53,47,-6
80101101704,14.295,46,40,-6
80101101705,15.412,51,45,-6
80101101706,19.019,54,63,9
80101101707,14.278,45,39,-6
80101101708,16.244,55,52,-3
80101101709,14.167,45,39,-6
80101101802,16.307,53,43,-10
80101101803,10.539,47,43,-4
80101101804,10.028,41,37,-4
80101101902,21.17,59,56,-3
80101101904,20.057,57,50,-7
80101101905,20.608,58,54,-4
80101101906,18.765,58,52,-6
80101101907,18.101,53,47,-6
80101101908,18.842,62,47,-15
80101101909,19.245,58,55,-3
80101101910,17.632,50,44,-6
80101101911,16.041,50,43,-7
80101101912,18.601,52,45,-7
80101101913,18.144,58,45,-13
80101101914,20.964,56,52,-4
80101101915,21.389,61,60,-1
80101101916,21.338,61,53,-8
80101101917,21.525,63,52,-11
80101101918,20.63,58,48,-10
80101101919,21.556,64,57,-7
80101102001,10.354,23,25,2
80101102002,11.655,29,40,11
80101102003,11.707,23,25,2
80101102004,11.504,25,27,2
80101102005,13.102,26,27,1
80101102006,12.165,26,28,2
80101102007,11.644,26,28,2
80101102008,11.161,23,25,2
80101102101,13.461,45,61,16
80101102102,13.663,46,62,16
80101102103,13.053,46,60,14
80101102104,14.196,46,61,15
80101102105,14.938,50,52,2
80101102201,16.608,55,53,-2
80101102202,16.908,56,48,-8
80101102203,16.7,52,46,-6
80101102204,16.639,54,51,-3
80101102205,14.999,51,45,-6
80101102206,17.313,54,44,-10
80101102207,17.232,56,40,-16
80101102208,17.885,63,51,-12
80101102301,12.144,39,41,2
80101102302,11.022,35,34,-1
80101102303,11.309,36,33,-3
80101102304,11.867,38,40,2
80101102305,12.048,38,45,7
80101102306,11.791,38,40,2
80101102307,11.563,41,41,0
80101102401,13.04,41,35,-6
80101102402,13.751,39,39,0
80101102403,14.281,46,50,4
80101102404,12.823,43,47,4
80101102405,12.293,37,41,4
80101102406,12.686,41,44,3
80101102407,13.012,38,41,3
80101102408,12.319,42,36,-6
80101102501,19.063,60,44,-16
80101102502,18.33,57,41,-16
80101102503,18.365,58,41,-17
80101102504,20.035,60,45,-15
80101102505,18.672,58,43,-15
80101102506,19.518,58,43,-15
80101102601,10.15,24,26,2
80101102602,11.135,35,37,2
80101102603,10.683,30,32,2
80101102604,10.361,26,27,1
80101102605,11.272,30,32,2
80101102606,11.852,37,49,12
80101102607,10.953,26,27,1
80101111101,24.089,97,76,-21
80103103102,25.28,54,NA,NA
80103103103,29.487,69,NA,NA
80103111301,18.474,43,43,0
80103111302,20.076,47,56,9
80103111303,15.349,37,37,0
80103111305,11.37,38,39,1
80103111306,17.217,44,44,0
80103111307,10.459,38,30,-8
80103111401,17.681,60,62,2
80103111501,8.073,28,33,5
80103111502,8.958,36,30,-6
80103111505,9.141,52,47,-5
80103111507,7.845,25,31,6
80104103401,21.45,64,59,-5
80104103402,16.936,54,54,0
80104103403,16.74,57,56,-1
80104103404,19.497,62,63,1
80104103405,19.011,63,63,0
80104103406,15.659,55,55,0
80104103407,17.074,57,57,0
80104103408,18.088,59,59,0
80104103409,17.914,57,56,-1
80104103410,18.421,57,58,1
80104103411,18.973,59,59,0
80104103412,19.044,62,62,0
80104103413,16.837,59,58,-1
80104103414,17.124,54,54,0
80104103501,22.445,69,66,-3
80104103505,19.562,62,70,8
80104103506,22.29,72,69,-3
80104103507,21.011,70,71,1
80104103508,20.245,64,69,5
80104103509,21.969,68,66,-2
80104103510,19.782,66,71,5
80104103511,21.981,69,66,-3
80104103512,20.682,66,69,3
80104103513,20.272,64,69,5
80104103514,20.084,71,76,5
80104103515,20.3,65,70,5
80104103516,22.055,70,66,-4
80104103517,20.091,69,77,8
80104103518,19.624,63,71,8
80104103519,20.532,67,71,4
80104103520,22.378,69,65,-4
80104103521,20.452,67,72,5
80104103522,22.524,70,65,-5
80104103601,21.936,58,66,8
80104103604,23.975,64,63,-1
80104103605,22.332,64,72,8
80104103606,24.984,70,68,-2
80104103607,23.547,64,70,6
80104103608,22.13,60,62,2
80104103609,22.971,64,58,-6
80104103610,23.006,64,62,-2
80104103611,22.883,67,72,5
80104103612,24.607,66,68,2
80104103613,24.586,66,69,3
80104103614,23.99,65,66,1
80104103615,24.992,71,69,-2
80104103616,22.635,62,64,2
80104103617,23.955,64,68,4
80104103618,23.135,65,57,-8
80104103702,18.411,63,57,-6
80104103703,18.041,58,54,-4
80104103704,18.536,64,58,-6
80104103705,15.82,47,55,8
80104103706,16.19,51,61,10
80104103707,18.172,60,54,-6
80104103708,17.784,55,48,-7
80104103709,17.877,66,60,-6
80104103710,16.524,50,65,15
80104103711,16.353,48,61,13
80104103712,18.182,60,54,-6
80104103713,17.487,61,58,-3
80104103714,17.982,61,65,4
80104103804,16.669,57,75,18
80104103805,19.396,65,74,9
80104103806,16.634,57,79,22
80104103807,18.882,63,72,9
80104103808,15.905,52,63,11
80104103809,17.893,59,72,13
80104103810,16.467,54,77,23
80104103811,17.254,58,75,17
80104103812,18.667,61,74,13
80104103813,15.523,52,59,7
80104103814,16.108,55,65,10
80104103815,17.507,59,64,5
80104103907,10.924,40,46,6
80104103908,10.387,39,44,5
80104103909,11.245,35,40,5
80104103910,10.435,33,38,5
80104103911,11.889,35,41,6
80104103912,10.093,38,47,9
80104103913,11.326,36,41,5
80104103914,10.207,40,52,12
80104103915,11.533,45,46,1
80104103916,11.217,35,39,4
80104103917,11.121,34,38,4
80104103918,11.828,44,41,-3
80104103919,10.032,42,53,11
80104103920,11.701,33,43,10
80104103921,10.374,33,37,4
80104103922,10.653,36,41,5
80104103923,10.264,38,46,8
80104103924,9.855,40,46,6
80104103925,9.54,36,47,11
80104103926,11.835,35,43,8
80104103927,10.955,41,42,1
80104104001,13.977,43,48,5
80104104002,14.659,52,57,5
80104104005,12.703,46,47,1
80104104006,13.369,45,48,3
80104104007,12.437,42,47,5
80104104008,12.311,41,52,11
80104104011,11.694,59,81,22
80104104013,14.985,50,55,5
80104104014,14.535,50,56,6
80104104015,14.343,48,53,5
80104104016,14.097,45,50,5
80104104017,12.044,37,43,6
80104104018,12.247,40,39,-1
80104104019,14.393,48,51,3
80104104020,14.236,46,49,3
80104104021,12.966,40,44,4
80104104022,13.647,39,42,3
80104104023,14.491,49,51,2
80104104024,14.645,48,53,5
80104104025,11.958,37,48,11
80104104026,13.91,42,48,6
80104104027,13.551,38,42,4
80104104401,12.233,40,47,7
80104104402,14.38,43,50,7
80104104404,12.256,37,47,10
80104104405,11.946,38,46,8
80104104409,12.53,39,48,9
80104104410,9.819,34,39,5
80104104411,11.522,37,47,10
80104104412,11.401,37,41,4
80104104413,10.904,34,50,16
80104104414,10.071,38,43,5
80104104415,10.539,35,39,4
80104104416,9.578,36,48,12
80104104417,10.392,35,55,20
80104104418,11.288,36,40,4
80104104419,10.374,32,37,5
80104104420,11.542,39,43,4
80104104421,10.458,34,38,4
80104104422,11.574,38,46,8
80104104423,14.582,43,46,3
80104104424,9.64,37,49,12
80104104425,10.963,40,45,5
80104104426,9.856,35,40,5
80104104502,10.925,63,74,11
80104104503,8.645,47,60,13
80104104504,8.178,32,51,19
80104104601,14.647,51,54,3
80104104603,15.353,53,56,3
80104104604,19.771,69,70,1
80104104605,18.986,68,59,-9
80104104606,19.928,70,65,-5
80104104607,16.193,57,62,5
80104104609,23.217,67,59,-8
80104104612,16.143,53,55,2
80104104613,15.416,52,54,2
80104104614,15.751,55,59,4
80104104616,19.093,69,62,-7
80104104617,17.719,64,66,2
80104104618,17.458,63,69,6
80104104619,17.381,61,72,11
80104104620,16.724,60,55,-5
80104104621,16.306,60,61,1
80104104622,18.627,64,59,-5
80104104623,18.943,64,66,2
80104104624,15.66,54,59,5
80104104625,24.926,68,68,0
80104104626,18.443,64,58,-6
80104104627,25.938,68,64,-4
80104104628,26.303,67,56,-11
80104104629,21.224,62,57,-5
80104104630,23.255,67,62,-5
80104104631,25.358,67,62,-5
80104104632,25.413,67,62,-5
80104104633,25.081,67,64,-3
80104104634,25.549,68,63,-5
80104104635,16.944,47,66,19
80104104636,18.753,65,59,-6
80104104637,18.35,66,68,2
80104104701,24.631,69,54,-15
80104104702,20.534,57,60,3
80104104703,21.845,58,56,-2
80104104704,22.604,65,60,-5
80104104705,24.42,69,57,-12
80104104706,23.345,65,67,2
80104104707,21.406,62,63,1
80104104708,17.865,56,48,-8
80104104709,18.638,60,53,-7
80104104710,23.156,63,57,-6
80104104711,23.246,65,55,-10
80104104712,24.058,66,64,-2
80104104713,24.465,68,53,-15
80104104715,19.356,58,67,9
80104104716,18.662,53,64,11
80104104717,21.842,74,78,4
80104104718,21.019,65,68,3
80104104719,18.937,54,62,8
80104104801,16.05,61,64,3
80104104802,12.676,44,59,15
80104104803,15.952,60,61,1
80104104804,11.994,40,49,9
80104104805,12.198,42,50,8
80104104806,12.083,43,53,10
80104104807,11.86,41,50,9
80104104808,19.34,61,52,-9
80104104809,13.393,46,52,6
80104104810,18.63,60,52,-8
80104104811,18.703,61,53,-8
80104104812,11.992,42,67,25
80104104813,12.809,46,57,11
80104104814,13.264,46,52,6
80104111701,25.798,81,63,-18
80104111801,22.457,74,71,-3
80104111802,23.784,91,89,-2
80104111901,11.013,45,57,12
80104112001,18.002,70,67,-3
80104112002,18.339,75,71,-4
80104112003,18.239,73,74,1
80104112004,19.071,66,76,10
80104112101,25.795,81,63,-18
80104112201,13.362,49,53,4
80105104901,1.761,12,15,3
80105104902,2.165,13,17,4
80105104903,2.845,19,24,5
80105104904,3.792,30,45,15
80105105001,5.133,24,24,0
80105105002,3.695,25,35,10
80105105003,5.763,31,34,3
80105105004,6.003,27,24,-3
80105105005,5.688,26,22,-4
80105105006,3.099,17,25,8
80105105007,2.986,16,23,7
80105105008,4.568,21,17,-4
80105105011,4.673,22,26,4
80105105012,5.835,25,33,8
80105105013,4.004,21,19,-2
80105105014,5.286,24,27,3
80105105015,4.951,24,32,8
80105105016,4.091,20,20,0
80105105017,4.161,21,31,10
80105105018,4.331,21,18,-3
80105105101,1.72,10,11,1
80105105102,2.248,13,16,3
80105105104,0.78,10,10,0
80105105105,0.702,9,9,0
80105105109,2.151,16,26,10
80105105110,2.798,13,15,2
80105105111,2.622,13,13,0
80105105112,2.103,16,25,9
80105105113,3.125,14,24,10
80105105114,1.756,12,21,9
80105105115,2.396,15,16,1
80105105116,3.192,17,23,6
80105105117,3.134,16,20,4
80105105118,2.175,17,27,10
80105105301,1.217,9,9,0
80105105302,0.976,6,6,0
80105105305,0.709,9,6,-3
80105105306,1.375,13,8,-5
80105105307,0.545,7,4,-3
80105105308,0.581,8,5,-3
80105105309,0.252,4,1,-3
80105105310,0.551,4,2,-2
80105105401,3.338,19,31,12
80105105403,2.651,20,28,8
80105105404,5.436,26,22,-4
80105105405,6.313,29,31,2
80105105406,5.821,29,24,-5
80105105501,5.582,26,32,6
80105105502,6.227,30,35,5
80105105503,5.964,26,40,14
80105105504,5.955,28,34,6
80105105505,5.851,25,31,6
80105105506,5.363,23,23,0
80105105507,6.546,28,44,16
80105105508,5.925,26,38,12
80105105509,6.172,29,38,9
80105105601,6.757,31,42,11
80105105602,7.499,31,26,-5
80105105603,7.511,32,27,-5
80105105604,8.198,30,38,8
80105105605,7.428,33,29,-4
80105105606,7.663,34,29,-5
80105105607,8.59,32,42,10
80105105701,6.396,49,47,-2
80105105702,6.381,27,24,-3
80105105703,5.574,26,24,-2
80105105704,8.027,53,50,-3
80105105705,6.27,31,28,-3
80105105706,5.564,21,20,-1
80105105708,5.286,21,20,-1
80105105709,3.702,22,31,9
80105105711,3.53,21,25,4
80105105712,2.65,15,27,12
80105105713,5.033,18,19,1
80105105714,4.711,24,21,-3
80105105715,3.377,19,30,11
80105105801,3.263,14,13,-1
80105105802,3.898,18,16,-2
80105105803,2.696,20,30,10
80105105804,3.152,16,15,-1
80105105805,4.158,17,18,1
80105105806,4.624,16,18,2
80105105807,4.337,16,17,1
80105105808,4.218,18,19,1
80105105809,4.033,15,15,0
80105105810,2.342,9,10,1
80105105811,2.796,14,14,0
80105105812,3.449,17,18,1
80105105813,2.758,21,31,10
80105105814,7.8,41,37,-4
80105106002,2.612,19,27,8
80105106003,2.322,18,27,9
80105106006,2.135,12,15,3
80105106007,1.795,8,13,5
80105106008,0.567,7,7,0
80105106009,1.347,10,22,12
80105106010,1.014,9,11,2
80105106011,1.644,16,26,10
80105106012,1.15,14,14,0
80105106013,0.812,10,9,-1
80105106101,7.417,28,34,6
80105106102,5.89,30,35,5
80105106103,10.354,32,45,13
80105106106,8.357,29,38,9
80105106107,7.956,31,39,8
80105106108,7.436,29,37,8
80105106109,7.43,28,37,9
80105106110,11.415,36,37,1
80105106111,7.437,32,42,10
80105106112,7.146,28,38,10
80105106113,11.794,41,45,4
80105106114,10.687,32,49,17
80105106115,10.442,34,46,12
80105106116,10.356,37,48,11
80105106117,8.719,31,41,10
80105106118,9.584,33,43,10
80105106119,10.727,33,49,16
80105112401,5.346,20,19,-1
80105112402,3.884,18,22,4
80105112403,4.495,18,27,9
80105112404,4.227,19,20,1
80105112405,4.279,23,33,10
80105112406,5.124,21,29,8
80105112407,2.539,18,13,-5
80105112408,2.592,18,14,-4
80105112409,2.289,14,10,-4
80105112501,9.631,29,30,1
80105112502,5.707,18,30,12
80105112601,2.718,19,15,-4
80105112602,8.384,29,19,-10
80105112701,2.056,14,16,2
80105112702,1.815,11,10,-1
80105112703,2.878,15,12,-3
80105112704,2.577,12,18,6
80105112801,3.27,16,10,-6
80106106201,7.982,27,22,-5
80106106202,6.568,24,21,-3
80106106203,9.409,32,22,-10
80106106204,8.409,30,21,-9
80106106205,7.363,25,20,-5
80106106206,9.926,40,54,14
80106106207,8.19,29,23,-6
80106106208,8.765,31,22,-9
80106106209,8.275,32,25,-7
80106106301,5.475,22,18,-4
80106106302,5.702,25,21,-4
80106106303,6.374,22,19,-3
80106106304,7.032,23,26,3
80106106401,6.307,21,24,3
80106106402,7.481,24,26,2
80106106403,8.304,28,29,1
80106106404,7.902,33,24,-9
80106106405,7.589,24,35,11
80106106407,7.94,28,32,4
80106106409,6.522,24,22,-2
80106106410,6.272,21,23,2
80106106411,6.578,24,26,2
80106106413,7.32,32,34,2
80106106414,6.729,24,26,2
80106106415,8.4,35,47,12
80106106416,7.913,28,40,12
80106106417,6.809,25,27,2
80106106601,2.801,15,29,14
80106106701,14.222,42,37,-5
80106106702,14.586,45,38,-7
80106106703,9.096,33,35,2
80106106704,9.059,35,26,-9
80106106705,14.408,43,31,-12
80106106706,9.175,36,28,-8
80106106707,10.089,35,36,1
80106106708,11.377,37,40,3
80106106709,8.755,32,34,2
80106106710,10.032,33,34,1
80106106712,10.504,32,33,1
80106106713,11.673,42,42,0
80106106714,8.509,28,30,2
80106106715,8.617,27,29,2
80106106716,8.663,32,32,0
80106106717,13.363,41,41,0
80106106718,11.08,35,36,1
80106106719,11.292,37,38,1
80106106801,3.212,17,14,-3
80106106901,11.038,39,49,10
80106106902,9.276,35,37,2
80106106903,10.437,35,47,12
80106106904,10.385,33,42,9
80106106905,11.034,36,38,2
80106106906,10.902,36,44,8
80106106907,9.857,31,44,13
80106106908,8.64,46,59,13
80106106909,9.952,32,45,13
80106107001,8.695,31,50,19
80106107002,10.78,39,57,18
80106107003,9.61,29,49,20
80106107004,9.923,28,46,18
80106107005,8.687,27,52,25
80106107006,9.137,30,53,23
80106107007,8.352,26,28,2
80106107008,3.886,24,21,-3
80106112901,4.594,19,16,-3
80106112902,6.182,23,20,-3
80106112903,5.316,24,18,-6
80106113002,10.266,36,27,-9
80106113003,7.01,17,25,8
80106113004,11.414,37,NA,NA
80106113005,11.791,35,27,-8
80106113006,13.397,76,71,-5
80106113007,11.734,25,44,19
80106113101,5.435,21,19,-2
80106113102,7.759,32,24,-8
80106113103,6.289,25,21,-4
80106113104,6.043,22,20,-2
80106113105,6.139,23,21,-2
80106113106,5.986,28,24,-4
80106113107,5.702,17,20,3
80106113108,5.242,19,19,0
80106113109,5.444,21,18,-3
80106113110,5.607,23,22,-1
80106113111,7.661,29,21,-8
80107107101,32.503,78,79,1
80107107102,32.82,67,70,3
80107107104,34.821,75,87,12
80107107105,34.526,71,83,12
80107107106,34.75,70,82,12
80107107107,33.918,68,80,12
80107107108,33.958,67,80,13
80107107109,34.877,71,84,13
80107107110,35.062,69,82,13
80107107111,34.843,71,84,13
80107107112,31.994,66,67,1
80107107113,35.332,70,82,12
80107107114,34.902,67,80,13
80107107202,24.963,45,58,13
80107107203,25.787,49,62,13
80107107204,24.715,48,61,13
80107107205,24.245,51,62,11
80107107206,23.96,47,59,12
80107107207,24.622,47,60,13
80107107208,25.237,51,64,13
80107107209,25.191,54,67,13
80107107210,26.048,52,65,13
80107107211,25.817,50,63,13
80107107301,35.924,70,56,-14
80107107302,35.003,68,55,-13
80107107303,35.742,71,57,-14
80107107304,34.625,71,58,-13
80107107307,26.332,59,64,5
80107107308,25.987,60,64,4
80107107309,28.055,72,63,-9
80107107310,27.923,72,75,3
80107107311,27.087,66,62,-4
80107107312,26.018,64,68,4
80107107313,27.88,68,64,-4
80107107314,34.812,66,53,-13
80107107315,26.956,63,65,2
80107107316,34.387,67,55,-12
80107107317,35.373,69,56,-13
80107107401,28.972,64,67,3
80107107402,28.247,55,62,7
80107107403,31.728,64,69,5
80107107404,29.482,57,73,16
80107107405,30.561,60,69,9
80107107406,33.03,67,65,-2
80107107407,32.363,71,64,-7
80107107408,32.027,68,67,-1
80107107409,31.57,65,75,10
80107107410,31.079,61,80,19
80107107411,31.302,64,78,14
80107107412,33.416,70,67,-3
80107107413,28.901,64,68,4
80107107502,27.979,58,60,2
80107107503,36.656,78,77,-1
80107107504,36.515,74,71,-3
80107107505,36.485,75,76,1
80107107506,29.567,61,61,0
80107107507,31.558,65,63,-2
80107107508,31.684,66,68,2
80107107509,29.499,60,76,16
80107107510,31.024,63,63,0
80107107512,36.396,73,67,-6
80107107513,30.263,63,64,1
80107107514,28.403,77,80,3
80107107515,30.889,68,68,0
80107107516,27.371,61,64,3
80107107517,30.712,65,66,1
80107107601,24.997,62,79,17
80107107602,24.692,52,70,18
80107107603,24.213,53,63,10
80107107604,23.831,49,61,12
80107107605,25.42,51,68,17
80107107606,23.444,47,59,12
80107107607,27.722,59,63,4
80107107608,26.545,55,63,8
80107107609,24.751,54,72,18
80107107701,29.201,58,70,12
80107107702,28.787,58,63,5
80107107703,30.363,60,70,10
80107107704,28.88,55,68,13
80107107705,30.691,62,78,16
80107107706,30.277,61,78,17
80107107707,29.821,59,79,20
80107107708,30.286,64,84,20
80107107801,32.747,64,77,13
80107107802,32.631,64,76,12
80107107803,32.954,64,77,13
80107107804,33.219,64,76,12
80107107805,33.543,65,78,13
80107107806,33.216,74,86,12
80107107807,28.96,56,69,13
80107107808,29.264,56,66,10
80107107809,29.005,57,70,13
80107107810,30.396,62,69,7
80107107811,30.428,60,72,12
80107107812,31.695,61,74,13
80107107813,31.352,61,74,13
80107107814,31.385,66,79,13
80107107815,31.633,61,74,13
80107107816,31.212,60,73,13
80107107817,27.482,55,68,13
80107107818,27.512,55,65,10
80107107819,27.931,55,68,13
80107107820,27.681,53,66,13
80107107821,28.265,54,67,13
80107107901,23.525,49,52,3
80107107902,21.385,51,54,3
80107107903,21.398,51,54,3
80107107904,23.747,53,56,3
80107107905,26.973,59,60,1
80107107906,24.41,47,63,16
80107107907,23.8,47,55,8
80107107908,23.976,55,56,1
80107107909,22.241,55,52,-3
80107108002,20.185,44,37,-7
80107108003,23.709,57,51,-6
80107108005,22.974,43,49,6
80107108006,21.406,40,34,-6
80107108007,22.695,45,46,1
80107108008,23.208,51,47,-4
80107108010,23.993,61,53,-8
80107108011,20.83,39,33,-6
80107108101,26.303,55,66,11
80107108102,26.582,58,62,4
80107108103,26.557,58,65,7
80107108104,27.018,64,63,-1
80107108105,23.973,61,66,5
80107108106,27.078,63,70,7
80107108107,35.611,76,63,-13
80107108108,23.559,56,64,8
80107108109,26.789,59,62,3
80107108111,27.333,69,64,-5
80107108112,26.102,58,71,13
80107108113,27.206,62,67,5
80107108114,26.012,57,70,13
80107108201,18.203,44,38,-6
80107108202,19.243,46,57,11
80107108203,18.824,47,51,4
80107108204,21.034,56,50,-6
80107108205,20.793,48,54,6
80107108206,20.093,45,53,8
80107108207,20.647,49,55,6
80107108208,18.311,46,40,-6
80107108209,18.042,42,37,-5
80107108210,18.684,50,45,-5
80107108211,25.418,60,55,-5
80107108212,25.589,62,58,-4
80107108213,20.507,50,43,-7
80107108214,20.419,47,41,-6
80107108215,20.481,47,41,-6
80107108216,18.466,46,41,-5
80107108217,25.897,60,52,-8
80107108218,26.77,61,51,-10
80107108219,20.119,46,55,9
80107108220,19.47,50,60,10
80107108221,19.8,48,58,10
80107108222,26.876,62,52,-10
80107108223,18.387,45,40,-5
80107108224,18.688,49,44,-5
80107108225,26.048,60,54,-6
80107108226,26.413,61,51,-10
80107108227,25.462,57,52,-5
80107108228,17.378,46,59,13
80107108229,17.84,44,48,4
80107108230,18.573,49,53,4
80107108231,27.531,64,51,-13
80107108232,21.222,66,75,9
80107108233,18.149,42,37,-5
80107108234,17.024,41,48,7
80107108235,17.25,43,49,6
80107108236,18.869,45,49,4
80107108237,20.509,46,90,44
80107108238,21.169,65,75,10
80107108239,19.758,48,58,10
80107108240,20.781,62,72,10
80107108241,18.122,43,38,-5
80107108301,25.819,56,69,13
80107108302,27.903,64,71,7
80107108303,27.778,62,69,7
80107108401,21.576,47,52,5
80107108402,22.71,54,55,1
80107108403,21.596,50,58,8
80107108404,24.956,60,54,-6
80107108405,23.616,57,53,-4
80107108406,22.028,48,57,9
80107108407,21.656,48,57,9
80107108408,21.626,48,56,8
80107108409,23.71,55,63,8
80107108410,22.513,51,59,8
80107108411,23.137,54,63,9
80107108412,22.532,49,64,15
80107108413,22.253,50,62,12
80107108414,23.306,55,63,8
80107108415,23.188,51,55,4
80107108417,22.246,46,56,10
80107108418,21.379,45,53,8
80107108419,23.369,53,62,9
80107108420,26.554,64,65,1
80107108501,16.073,39,35,-4
80107108601,25.509,57,51,-6
80107108602,24.784,55,49,-6
80107108603,26.214,58,58,0
80107108604,25.683,63,56,-7
80107108605,25.895,63,57,-6
80107108701,30.069,58,60,2
80107108702,31.967,61,76,15
80107108703,32.519,64,66,2
80107108704,34.202,74,64,-10
80107108705,33.08,64,64,0
80107108706,31.268,61,56,-5
80107108707,29.526,57,67,10
80107108801,29.032,69,92,23
80107108802,29.169,71,94,23
80107108803,29.442,66,90,24
80107108804,29.216,66,90,24
80107108805,30.105,68,71,3
80107108806,27.285,63,72,9
80107108807,27.862,64,87,23
80107108808,27.966,67,89,22
80107108809,28.518,67,90,23
80107108810,27.689,63,85,22
80107109001,17.729,41,47,6
80107109002,17.738,40,40,0
80107109003,19.662,47,50,3
80107109004,21.619,47,50,3
80107109005,21.049,51,47,-4
80107109006,21.668,54,55,1
80107109007,21.904,43,44,1
80107109008,23.905,57,52,-5
80107109009,19.917,46,42,-4
80107109010,18.901,42,45,3
80107109011,21.747,54,50,-4
80107109012,19.654,42,45,3
80107109013,18.999,45,48,3
80107109014,18.107,43,38,-5
80107109015,20.546,54,48,-6
80107109016,20.135,49,43,-6
80107109017,18.077,41,36,-5
80107109018,18.451,41,43,2
80107109019,18.131,40,42,2
80107109020,21.644,54,55,1
80107113202,20.786,49,NA,NA
80108109101,22.465,59,33,-26
80108109102,21.51,54,39,-15
80108109103,20.724,51,36,-15
80108109104,18.701,48,38,-10
80108109105,21.844,60,45,-15
80108109106,21.311,56,41,-15
80108109107,20.319,52,38,-14
80108109108,20.627,56,42,-14
80108109201,17.289,42,27,-15
80108109202,19.932,48,27,-21
80108109203,20.968,50,22,-28
80108109204,17.639,50,24,-26
80108109205,17.077,37,34,-3
80108109206,16.478,36,35,-1
80108109207,16.985,43,32,-11
80108109208,16.509,37,38,1
80108109209,13.638,36,39,3
80108109210,17.152,46,35,-11
80108109301,17.24,43,45,2
80108109302,16.026,39,51,12
80108109303,16.185,42,58,16
80108109304,16.986,46,46,0
80108109305,17.3,44,38,-6
80108109306,16.532,41,53,12
80108109401,22.107,47,28,-19
80108109402,11.925,23,25,2
80108109403,13.656,35,30,-5
80108109404,21.752,42,24,-18
80108109405,12.605,32,26,-6
80108109406,14.018,39,34,-5
80108109407,17.706,42,29,-13
80108109501,17.957,48,35,-13
80108109502,17.95,48,35,-13
80108109503,17.681,47,34,-13
80108109504,17.972,45,32,-13
80108109505,16.53,40,24,-16
80108109506,17.931,48,35,-13
80108109507,16.741,42,26,-16
80108109508,17.551,45,30,-15
80108109509,17.82,49,30,-19
80108109601,23.165,45,26,-19
80108109602,23.151,45,26,-19
80108109603,23.618,51,32,-19
80108109604,18.991,47,37,-10
80108109605,18.497,45,35,-10
80108109701,15.292,35,40,5
80108109702,14.847,39,40,1
80108109703,14.485,38,47,9
80108109705,15.728,46,31,-15
80108109706,13.891,34,35,1
80108109707,14.75,37,33,-4
80108109708,15.201,42,27,-15
80108109801,22.919,44,19,-25
80108109802,12.424,30,20,-10
80108109804,13.986,42,30,-12
80108109806,22.65,38,18,-20
80108109807,14.883,37,24,-13
80108109808,14.53,37,34,-3
80108109809,14.868,38,25,-13
80108109810,12.632,34,25,-9
80108109811,11.259,22,18,-4
80108109812,12.581,33,24,-9
80108109813,11.775,29,25,-4
80108109814,12.868,36,26,-10
80108113301,14.11,50,67,17
80109109901,13.459,38,36,-2
80109109902,14.008,39,35,-4
80109109903,14.175,40,55,15
80109109904,14.051,39,41,2
80109109905,13.215,36,41,5
80109110001,12.618,46,46,0
80109110002,13.009,37,33,-4
80109110003,12.457,37,40,3
80109110004,11.083,30,26,-4
80109110005,13.284,43,45,2
80109110006,11.11,31,27,-4
80109110007,11.709,38,38,0
80109110008,11.195,40,28,-12
80109110009,11.143,40,35,-5
80109110010,11.955,44,32,-12
80109110011,13.263,39,43,4
80109110012,12.338,42,43,1
80109110101,16.103,44,38,-6
80109110102,20.483,50,45,-5
80109110104,16.706,48,42,-6
80109110105,16.347,49,43,-6
80109110106,15.668,39,34,-5
80109110107,15.489,33,28,-5
80109110108,20.489,50,43,-7
80109110109,16.721,50,44,-6
80109110110,16.322,44,38,-6
80109110201,11.856,55,64,9
80109110202,13.565,38,36,-2
80109110203,12.647,41,42,1
80109110204,12.895,48,50,2
80109110205,11.909,37,40,3
80109110206,12.011,39,41,2
80109110207,13.056,40,41,1
80109110209,12.795,44,45,1
80109110210,14.979,39,41,2
80109110211,12.917,39,40,1
80109110301,13.926,40,43,3
80109110302,11.366,36,43,7
80109110303,11.905,37,34,-3
80109110304,10.519,37,47,10
80109110305,11.12,35,41,6
80109110306,13.109,41,28,-13
80109110307,11.442,37,42,5
80109110308,11.027,34,40,6
80109110401,16.675,42,47,5
80109110402,17.958,44,45,1
80109110403,18.574,46,44,-2
80109110404,19.11,47,43,-4
80109110405,18.53,45,44,-1
80109110406,18.253,51,51,0
80109110501,13.711,52,47,-5
80109110502,11.318,33,30,-3
80109110503,10.779,26,22,-4
80109110504,10.89,28,24,-4
80109110505,12.198,33,31,-2
80109110506,12.103,32,33,1
80109110507,11.593,33,29,-4
80109110601,13.417,32,27,-5
80109110602,14.689,35,31,-4
80109110603,15.18,42,37,-5
80109110604,15.748,39,34,-5
80109110605,14.645,35,30,-5
80109110606,15.465,47,41,-6
80109110607,15.211,42,38,-4
80109110701,16.374,42,49,7
80109110702,16.459,50,58,8
80109110801,14.988,39,34,-5
80109110802,14.818,40,43,3
80109110803,15.487,40,40,0
80109110804,14.969,39,35,-4
80109110805,15.035,42,39,-3
80109110806,15.034,44,57,13
80109110807,13.807,37,33,-4
80109110901,12.008,28,24,-4
80109110903,12.646,36,32,-4
80109110904,12.906,29,25,-4
80109110905,13.377,30,26,-4
80109110906,12.347,33,28,-5
80109110907,12.557,35,31,-4
80109110908,13.953,37,37,0
80109110910,13.846,37,32,-5
80109110911,11.123,27,23,-4
80109110912,12.167,30,26,-4
80109110913,14.013,39,34,-5
80109110914,11.781,25,21,-4
80109111001,15.764,36,31,-5
80109111002,15.372,35,30,-5
80109111003,16.21,43,40,-3
80109111004,15.887,41,36,-5
80109111005,16.256,43,39,-4
80109111006,16.011,40,35,-5
80110113401,16.394,51,NA,NA
80110113501,12.89,26,20,-6
80110113502,13.184,29,23,-6
80110113503,14.078,31,24,-7
80110113504,13.962,30,23,-7
80110113505,14.401,35,28,-7
80110113601,17.614,52,31,-21
80110113701,16.63,40,26,-14
80110113901,16.142,36,23,-13
80110113902,12.882,26,20,-6
80110113903,12.615,22,16,-6
80110113904,13.093,29,23,-6
80110113905,13.695,28,21,-7
80110113906,14.17,34,27,-7
80110113907,13.612,26,19,-7
80110113908,13.862,30,23,-7
80110113909,13.74,27,21,-6
80110113910,13.606,26,19,-7
80101111201,NA,NA,NA,NA
80103103201,NA,NA,NA,NA
80103111304,NA,NA,NA,NA
80103111308,NA,NA,NA,NA
80103111309,NA,NA,NA,NA
80103111503,NA,NA,NA,NA
80103111504,NA,NA,NA,NA
80103111506,NA,NA,NA,NA
80104104301,NA,NA,940,NA
80104104302,NA,NA,969,NA
80104104602,NA,NA,NA,NA
80104104714,NA,NA,NA,NA
80104111601,NA,NA,NA,NA
80105112301,NA,NA,NA,NA
80107108009,NA,NA,NA,NA
80107108901,NA,NA,NA,NA
80107113201,NA,NA,NA,NA
80110113801,NA,NA,NA,NA
80111114001,NA,NA,NA,NA
80111114002,NA,NA,NA,NA
80111114003,NA,NA,NA,NA
80111114004,NA,NA,NA,NA
80111114101,NA,NA,NA,NA
